<TICKER>,<PER>,<DATE>,<TIME>,<OPEN>,<HIGH>,<LOW>,<CLOSE>,<VOL>
SPBEX.AAPL,D,20200805,000000,438.7500000,442.9100000,435.5900000,439.8800000,7182143
SPBEX.AAPL,D,20200806,000000,439.9500000,457.6500000,437.5400000,455.6400000,10662744
SPBEX.AAPL,D,20200807,000000,455.6400000,456.9900000,441.1500000,445.0200000,10888161
SPBEX.AAPL,D,20200808,000000,445.2000000,447.0000000,445.0700000,445.8700000,27775
SPBEX.AAPL,D,20200810,000000,445.8700000,455.1000000,440.0000000,450.8600000,11102867
SPBEX.AAPL,D,20200811,000000,451.0000000,454.3700000,436.4400000,439.9000000,11458533
SPBEX.AAPL,D,20200812,000000,439.9000000,453.1000000,439.1000000,452.0600000,9780987
SPBEX.AAPL,D,20200813,000000,452.0600000,464.1600000,450.0000000,459.8500000,10154761
SPBEX.AAPL,D,20200814,000000,459.9400000,461.7500000,452.1800000,459.2000000,8140268
SPBEX.AAPL,D,20200815,000000,459.2400000,459.5200000,459.1500000,459.4900000,5608
SPBEX.AAPL,D,20200817,000000,460.3500000,464.4900000,455.8500000,458.5700000,7533669
SPBEX.AAPL,D,20200818,000000,458.6200000,464.0000000,456.0400000,462.6000000,6389905
SPBEX.AAPL,D,20200819,000000,462.3500000,468.6500000,456.5000000,463.8400000,8774206
SPBEX.AAPL,D,20200820,000000,463.8400000,474.7500000,460.8100000,474.5200000,7469066
SPBEX.AAPL,D,20200821,000000,474.5000000,499.4700000,474.0000000,498.8600000,18485123
SPBEX.AAPL,D,20200822,000000,498.8000000,498.9000000,498.1000000,498.6200000,30013
SPBEX.AAPL,D,20200824,000000,510.5000000,515.6000000,489.1600000,504.8500000,19033519
SPBEX.AAPL,D,20200825,000000,504.8500000,516.4900000,492.2100000,499.7000000,11000925
SPBEX.AAPL,D,20200826,000000,499.7500000,507.9800000,498.5000000,506.7000000,9382577
SPBEX.AAPL,D,20200827,000000,506.7000000,509.9400000,495.3500000,500.3100000,10295959
SPBEX.AAPL,D,20200828,000000,500.7300000,505.7500000,498.3100000,499.9000000,15259129
SPBEX.AAPL,D,20200829,000000,499.9000000,501.2500000,499.5600000,501.1900000,37566
SPBEX.AAPL,D,20200831,000000,125.8000000,131.0000000,125.0200000,129.0500000,56279226
SPBEX.AAPL,D,20200901,000000,129.0400000,134.8000000,129.0100000,134.4500000,35612359
SPBEX.AAPL,D,20200902,000000,134.4500000,138.5500000,127.0000000,131.4000000,47199049
SPBEX.AAPL,D,20200903,000000,131.4000000,135.3100000,120.0700000,121.4000000,64855658
SPBEX.AAPL,D,20200904,000000,121.3500000,123.7000000,110.6900000,120.1000000,82681435
SPBEX.AAPL,D,20200905,000000,120.0700000,120.8700000,119.6900000,120.1000000,84909
SPBEX.AAPL,D,20200908,000000,121.0000000,124.0900000,112.2300000,113.0700000,55930544
SPBEX.AAPL,D,20200909,000000,113.0700000,119.7500000,110.5700000,116.9800000,41388567
SPBEX.AAPL,D,20200910,000000,116.9900000,120.6400000,112.5000000,113.6900000,38938899
SPBEX.AAPL,D,20200911,000000,113.7000000,116.3200000,110.0300000,112.1600000,34745575
SPBEX.AAPL,D,20200912,000000,112.1500000,112.1900000,111.7500000,111.9400000,57251
SPBEX.AAPL,D,20200914,000000,114.4600000,115.9700000,112.8100000,115.6900000,30186307
SPBEX.AAPL,D,20200915,000000,115.6500000,118.8800000,113.6100000,115.3300000,32097417
SPBEX.AAPL,D,20200916,000000,115.3300000,116.5000000,112.0000000,112.5500000,32303854
SPBEX.AAPL,D,20200917,000000,112.5400000,112.8000000,101.3900000,110.2500000,39437523
SPBEX.AAPL,D,20200918,000000,110.2500000,111.7800000,106.1000000,107.0100000,87558703
SPBEX.AAPL,D,20200919,000000,107.0100000,107.0500000,106.8000000,106.9200000,44125
SPBEX.AAPL,D,20200921,000000,106.8100000,110.6900000,103.1000000,110.0500000,37319083
SPBEX.AAPL,D,20200922,000000,110.1800000,112.8700000,108.3900000,111.5500000,32825027
SPBEX.AAPL,D,20200923,000000,111.5100000,112.5500000,106.7700000,106.8300000,36498708
SPBEX.AAPL,D,20200924,000000,106.8500000,110.2400000,104.8100000,108.7000000,33197900
SPBEX.AAPL,D,20200925,000000,108.6800000,112.5700000,107.2500000,112.4900000,28896315
SPBEX.AAPL,D,20200926,000000,112.4700000,112.5100000,111.6000000,111.8400000,57111
SPBEX.AAPL,D,20200928,000000,114.0100000,115.5000000,112.7900000,115.2000000,29171595
SPBEX.AAPL,D,20200929,000000,115.1800000,115.6900000,113.5700000,114.1200000,16532300
SPBEX.AAPL,D,20200930,000000,114.1000000,117.2400000,111.1100000,115.4500000,34143052
SPBEX.AAPL,D,20201001,000000,115.4400000,118.1000000,115.3300000,116.7900000,23433524
SPBEX.AAPL,D,20201002,000000,116.7900000,117.1000000,110.5000000,113.2000000,29863688
SPBEX.AAPL,D,20201003,000000,113.2000000,113.2000000,112.3200000,112.5300000,109447
SPBEX.AAPL,D,20201005,000000,113.8200000,116.6500000,113.5000000,116.3800000,21204382
SPBEX.AAPL,D,20201006,000000,116.4000000,116.5900000,112.2500000,112.5000000,29533287
SPBEX.AAPL,D,20201007,000000,112.4500000,115.4700000,112.4500000,114.9600000,19167454
SPBEX.AAPL,D,20201008,000000,114.9900000,116.5000000,114.6000000,115.1000000,16014892
SPBEX.AAPL,D,20201009,000000,115.1000000,117.5400000,114.9200000,117.4700000,21934000
SPBEX.AAPL,D,20201010,000000,117.4900000,117.9200000,117.2600000,117.8400000,62274
SPBEX.AAPL,D,20201012,000000,118.3600000,125.1800000,116.9900000,124.5400000,43503163
SPBEX.AAPL,D,20201013,000000,124.5400000,127.6500000,119.6900000,120.8200000,44906666
SPBEX.AAPL,D,20201014,000000,120.8500000,123.0300000,119.6200000,120.7900000,26532834
SPBEX.AAPL,D,20201015,000000,120.7800000,121.2000000,117.0600000,120.6800000,20993285
SPBEX.AAPL,D,20201016,000000,120.6500000,122.1000000,118.7300000,118.9100000,24101193
SPBEX.AAPL,D,20201017,000000,118.9100000,119.0000000,118.9000000,118.9700000,20711
SPBEX.AAPL,D,20201019,000000,120.0300000,121.0000000,115.6600000,116.7200000,24844438
SPBEX.AAPL,D,20201020,000000,116.7300000,118.9800000,115.6300000,117.2000000,20422407
SPBEX.AAPL,D,20201021,000000,117.1500000,118.7000000,116.4500000,116.9100000,20036550
SPBEX.AAPL,D,20201022,000000,116.9800000,118.0400000,114.5900000,115.8200000,21048602
SPBEX.AAPL,D,20201023,000000,115.8200000,119.1900000,114.2900000,115.0100000,15612133
SPBEX.AAPL,D,20201024,000000,115.0100000,115.2900000,115.0000000,115.1400000,34838
SPBEX.AAPL,D,20201026,000000,114.3000000,116.5400000,112.8800000,115.2000000,23548728
SPBEX.AAPL,D,20201027,000000,115.1500000,117.2800000,114.3000000,116.1200000,18357003
SPBEX.AAPL,D,20201028,000000,116.1200000,117.0000000,111.1300000,111.7300000,32980775
SPBEX.AAPL,D,20201029,000000,111.7300000,116.9200000,109.2000000,109.9700000,32604871
SPBEX.AAPL,D,20201030,000000,109.9100000,111.9800000,107.2000000,109.0700000,42057066
SPBEX.AAPL,D,20201031,000000,109.0700000,109.0700000,108.5000000,108.8300000,24827
SPBEX.AAPL,D,20201103,000000,109.2000000,111.4600000,108.7300000,110.3800000,17520293
SPBEX.AAPL,D,20201104,000000,110.3800000,115.5800000,110.0800000,114.9400000,30341444
SPBEX.AAPL,D,20201105,000000,114.9400000,119.6200000,114.8800000,118.9900000,28459021
SPBEX.AAPL,D,20201106,000000,119.0300000,119.3000000,115.0800000,118.6900000,24845528
SPBEX.AAPL,D,20201107,000000,118.6800000,118.7000000,118.4000000,118.5600000,6427078
SPBEX.AAPL,D,20201109,000000,121.0000000,124.8000000,116.0500000,116.3200000,29502051
SPBEX.AAPL,D,20201110,000000,116.3200000,118.1900000,114.1300000,115.9700000,30034443
SPBEX.AAPL,D,20201111,000000,115.9700000,119.6200000,115.9500000,119.5100000,22612222
SPBEX.AAPL,D,20201112,000000,119.4900000,120.5200000,118.5000000,119.2400000,22266128
SPBEX.AAPL,D,20201113,000000,119.2100000,120.1500000,117.8800000,119.2400000,17968839
SPBEX.AAPL,D,20201114,000000,119.2600000,119.4000000,119.1100000,119.1800000,4730761
SPBEX.AAPL,D,20201116,000000,120.6400000,121.3900000,118.1000000,120.3400000,16023067
SPBEX.AAPL,D,20201117,000000,120.3400000,120.7500000,118.9600000,119.4200000,14256732
SPBEX.AAPL,D,20201118,000000,119.3600000,120.0000000,118.0000000,118.0100000,1703911
SPBEX.AAPL,D,20201119,000000,118.0000000,118.9600000,116.8100000,118.6600000,6821059
SPBEX.AAPL,D,20201120,000000,118.6400000,118.9600000,117.8400000,118.3600000,5079901
SPBEX.AAPL,D,20201123,000000,117.3300000,118.3000000,113.7600000,113.8500000,2208116
SPBEX.AAPL,D,20201124,000000,113.9600000,115.8400000,112.6100000,115.1900000,2191957
SPBEX.AAPL,D,20201125,000000,115.1700000,116.7500000,114.8000000,116.0300000,9887538
SPBEX.AAPL,D,20201126,000000,116.0300000,116.4100000,116.0100000,116.1600000,4161562
SPBEX.AAPL,D,20201127,000000,115.8000000,117.4800000,115.6000000,116.4500000,1058452
SPBEX.AAPL,D,20201128,000000,116.4900000,116.5100000,116.4400000,116.4400000,1067
SPBEX.AAPL,D,20201130,000000,115.5000000,120.9600000,114.7000000,119.5000000,2866206
SPBEX.AAPL,D,20201201,000000,119.1000000,123.4700000,119.0500000,122.6600000,2833027
SPBEX.AAPL,D,20201202,000000,122.7000000,123.3700000,120.8900000,123.0400000,2037322
SPBEX.AAPL,D,20201203,000000,123.0800000,123.8100000,120.6500000,122.9400000,7427698
SPBEX.AAPL,D,20201204,000000,123.0300000,123.5400000,121.5200000,122.1900000,1545529
SPBEX.AAPL,D,20201205,000000,122.2500000,122.3000000,122.0000000,122.0300000,5211761
SPBEX.AAPL,D,20201207,000000,123.2000000,124.5700000,121.2500000,123.7400000,1817546
SPBEX.AAPL,D,20201208,000000,123.8200000,124.9800000,123.0500000,124.3500000,1954111
SPBEX.AAPL,D,20201209,000000,124.3700000,125.9500000,121.0700000,121.7400000,8021286
SPBEX.AAPL,D,20201210,000000,121.7800000,123.8600000,120.0100000,123.2900000,12719803
SPBEX.AAPL,D,20201211,000000,123.2400000,123.7000000,120.5500000,122.4200000,8813328
SPBEX.AAPL,D,20201212,000000,122.4800000,122.4900000,122.2000000,122.2200000,41226
SPBEX.AAPL,D,20201214,000000,122.8100000,123.3300000,121.6600000,121.7100000,1909122
SPBEX.AAPL,D,20201215,000000,121.7800000,127.8900000,121.6200000,127.8700000,15111035
SPBEX.AAPL,D,20201216,000000,127.8800000,128.7300000,126.5600000,127.7500000,11793965
SPBEX.AAPL,D,20201217,000000,127.8100000,129.5600000,127.6100000,128.6400000,10557650
SPBEX.AAPL,D,20201218,000000,128.7000000,129.3500000,126.1200000,126.7700000,9794467
SPBEX.AAPL,D,20201219,000000,126.6600000,127.3900000,126.6500000,127.2400000,67524114
SPBEX.AAPL,D,20201221,000000,127.6000000,128.3300000,123.1200000,128.2100000,2675229
SPBEX.AAPL,D,20201222,000000,128.2300000,134.4000000,127.2800000,131.8000000,12859540
SPBEX.AAPL,D,20201223,000000,131.8800000,132.8000000,130.5000000,131.0600000,7768488
SPBEX.AAPL,D,20201224,000000,130.9600000,133.4600000,130.6700000,131.9000000,8279206
SPBEX.AAPL,D,20201228,000000,133.1000000,137.3400000,131.7500000,136.7100000,2192525
SPBEX.AAPL,D,20201229,000000,136.6900000,138.7800000,134.3500000,134.8500000,7656700
SPBEX.AAPL,D,20201230,000000,134.8700000,135.9900000,133.4100000,133.7600000,5585458
SPBEX.AAPL,D,20201231,000000,133.7200000,134.7100000,131.7200000,132.6200000,6237394
SPBEX.AAPL,D,20210101,000000,132.6300000,132.6900000,132.6300000,132.6900000,30
SPBEX.AAPL,D,20210104,000000,132.9900000,135.0000000,126.7800000,129.6000000,2398512
SPBEX.AAPL,D,20210105,000000,129.4100000,131.7400000,128.3200000,130.9800000,15456216
SPBEX.AAPL,D,20210106,000000,131.0100000,131.5100000,126.3600000,126.6500000,9744041
SPBEX.AAPL,D,20210107,000000,126.6000000,131.6200000,126.3100000,130.8600000,11071947
SPBEX.AAPL,D,20210108,000000,130.8600000,132.7900000,130.2500000,132.0100000,9796257
SPBEX.AAPL,D,20210109,000000,132.0500000,132.1900000,131.9400000,132.0100000,6703863
SPBEX.AAPL,D,20210111,000000,132.4400000,132.9900000,128.5000000,129.1000000,2068068
SPBEX.AAPL,D,20210112,000000,129.0200000,130.0000000,126.8600000,128.8600000,1946584
SPBEX.AAPL,D,20210113,000000,128.8000000,131.4400000,128.3200000,130.8900000,6499914
SPBEX.AAPL,D,20210114,000000,130.8900000,131.2800000,128.7800000,129.0300000,1831418
SPBEX.AAPL,D,20210115,000000,128.9100000,130.2000000,127.0100000,127.0700000,8525799
SPBEX.AAPL,D,20210116,000000,127.1400000,127.3300000,126.9000000,127.0800000,9152232
SPBEX.AAPL,D,20210119,000000,128.5000000,129.1900000,126.9400000,127.7500000,1565050
SPBEX.AAPL,D,20210120,000000,127.8300000,132.4900000,127.7000000,132.0000000,8582479
SPBEX.AAPL,D,20210121,000000,132.0300000,137.3400000,132.0000000,136.9100000,10790760
SPBEX.AAPL,D,20210122,000000,136.9400000,139.8400000,134.3600000,138.9700000,2223480
SPBEX.AAPL,D,20210123,000000,138.9800000,139.8600000,138.9100000,139.7400000,6070796
SPBEX.AAPL,D,20210125,000000,140.3500000,145.0800000,136.5500000,142.9100000,2970526
SPBEX.AAPL,D,20210126,000000,142.9200000,144.3000000,140.6400000,143.2100000,6408879
SPBEX.AAPL,D,20210127,000000,143.1600000,145.1400000,140.4100000,142.4800000,6462706
SPBEX.AAPL,D,20210128,000000,142.0600000,143.1900000,135.4600000,136.9500000,11662458
SPBEX.AAPL,D,20210129,000000,136.6800000,137.5300000,130.2200000,131.8600000,3116561
SPBEX.AAPL,D,20210130,000000,131.9600000,133.0000000,131.8300000,131.9400000,8848235
SPBEX.AAPL,D,20210201,000000,133.1200000,135.3800000,130.9600000,134.0600000,2130495
SPBEX.AAPL,D,20210202,000000,134.2200000,136.4500000,133.6800000,135.0000000,1694448
SPBEX.AAPL,D,20210203,000000,134.9900000,136.0000000,133.6200000,133.9200000,6868079
SPBEX.AAPL,D,20210204,000000,133.9400000,137.3900000,133.6700000,137.3900000,7357042
SPBEX.AAPL,D,20210205,000000,137.3900000,138.4000000,135.8700000,136.7700000,6919546
SPBEX.AAPL,D,20210206,000000,136.7600000,136.9100000,135.8500000,136.5000000,3293040
SPBEX.AAPL,D,20210208,000000,137.1800000,137.9100000,134.9500000,136.9100000,1474838
SPBEX.AAPL,D,20210209,000000,136.9100000,137.8700000,135.8000000,136.0400000,1535719
SPBEX.AAPL,D,20210210,000000,136.0100000,137.3400000,134.4100000,135.3900000,4938021
SPBEX.AAPL,D,20210211,000000,135.3900000,136.3900000,133.7800000,135.1900000,5276169
SPBEX.AAPL,D,20210212,000000,135.0700000,135.5000000,133.7000000,135.4000000,1361667
SPBEX.AAPL,D,20210213,000000,135.3800000,135.5000000,135.0000000,135.4200000,4408493
SPBEX.AAPL,D,20210216,000000,136.7100000,136.7200000,132.8200000,133.1900000,1623335
SPBEX.AAPL,D,20210217,000000,133.1900000,133.6600000,129.5000000,130.8500000,6099348
SPBEX.AAPL,D,20210218,000000,130.8400000,131.3800000,127.4300000,129.7300000,5619786
SPBEX.AAPL,D,20210219,000000,129.7100000,130.7800000,128.5000000,129.8300000,5596716
SPBEX.AAPL,D,20210220,000000,129.8700000,129.9000000,129.4000000,129.6000000,4363412
SPBEX.AAPL,D,20210222,000000,129.5000000,129.9000000,125.6000000,126.0800000,1971605
SPBEX.AAPL,D,20210223,000000,126.0300000,126.9900000,118.4200000,125.7700000,2871971
SPBEX.AAPL,D,20210224,000000,125.8700000,127.4900000,122.2400000,125.3500000,2490007
SPBEX.AAPL,D,20210225,000000,125.3200000,126.6000000,120.5400000,121.0000000,2977533
SPBEX.AAPL,D,20210226,000000,120.9900000,124.8500000,117.3700000,121.4600000,10884383
SPBEX.AAPL,D,20210227,000000,121.3000000,122.0900000,120.8500000,122.0100000,16909879
SPBEX.AAPL,D,20210301,000000,123.3700000,127.9300000,122.8000000,127.8200000,2421387
SPBEX.AAPL,D,20210302,000000,127.7900000,128.7000000,125.0200000,125.1700000,10381759
SPBEX.AAPL,D,20210303,000000,125.1700000,126.9600000,121.8700000,122.0600000,8800295
SPBEX.AAPL,D,20210304,000000,122.0600000,123.6000000,118.6200000,119.9800000,10289035
SPBEX.AAPL,D,20210305,000000,119.0000000,121.6700000,117.5700000,119.7600000,2464001
SPBEX.AAPL,D,20210308,000000,121.3700000,122.3300000,116.2200000,116.3900000,2806137
SPBEX.AAPL,D,20210309,000000,116.3600000,122.0400000,116.1200000,120.9800000,10456044
SPBEX.AAPL,D,20210310,000000,121.0800000,122.2000000,119.4500000,119.9700000,11372991
SPBEX.AAPL,D,20210311,000000,119.9800000,123.2000000,119.9300000,121.8700000,6104243
SPBEX.AAPL,D,20210312,000000,121.9600000,122.4200000,119.1500000,121.0000000,7729356
SPBEX.AAPL,D,20210313,000000,121.0300000,121.0800000,120.9100000,121.0400000,3901641
SPBEX.AAPL,D,20210315,000000,121.4000000,124.2000000,120.4200000,124.1700000,9616387
SPBEX.AAPL,D,20210316,000000,124.1800000,127.2100000,123.4000000,125.5000000,6053881
SPBEX.AAPL,D,20210317,000000,125.5400000,125.8600000,122.3400000,124.4900000,2113437
SPBEX.AAPL,D,20210318,000000,124.5000000,125.9000000,120.3400000,120.6100000,2138722
SPBEX.AAPL,D,20210319,000000,120.6300000,121.7000000,119.6800000,120.0100000,46564882
SPBEX.AAPL,D,20210320,000000,120.0100000,120.0500000,119.9600000,119.9900000,32248
SPBEX.AAPL,D,20210322,000000,120.7000000,123.8600000,120.1400000,123.1000000,11500230
SPBEX.AAPL,D,20210323,000000,123.1200000,124.2400000,122.1400000,122.7000000,2005207
SPBEX.AAPL,D,20210324,000000,122.6600000,123.4000000,120.0100000,120.1200000,7006370
SPBEX.AAPL,D,20210325,000000,120.1200000,121.6500000,118.5900000,120.5100000,7350969
SPBEX.AAPL,D,20210326,000000,120.4900000,121.4900000,118.9300000,121.2400000,8416063
SPBEX.AAPL,D,20210327,000000,121.2400000,121.2400000,121.0100000,121.1000000,14376
SPBEX.AAPL,D,20210329,000000,121.0000000,122.5800000,119.9000000,121.3200000,2222133
SPBEX.AAPL,D,20210330,000000,121.3100000,121.4500000,118.8700000,119.8700000,1813334
SPBEX.AAPL,D,20210331,000000,119.8900000,123.5200000,119.5500000,122.0100000,2045054
SPBEX.AAPL,D,20210401,000000,122.0100000,124.1700000,122.0100000,122.8500000,1376714
SPBEX.AAPL,D,20210402,000000,122.9200000,123.1000000,122.8500000,122.9600000,7004
SPBEX.AAPL,D,20210405,000000,123.7000000,126.2000000,123.0000000,126.2000000,1799823
SPBEX.AAPL,D,20210406,000000,126.1700000,127.1200000,125.0200000,126.2300000,1514825
SPBEX.AAPL,D,20210407,000000,126.2300000,128.1200000,125.1500000,128.1000000,5661183
SPBEX.AAPL,D,20210408,000000,128.0900000,130.6500000,127.8000000,130.6500000,6876679
SPBEX.AAPL,D,20210409,000000,130.6600000,133.0000000,129.3000000,132.9100000,7690463
SPBEX.AAPL,D,20210410,000000,132.9100000,133.0300000,132.8200000,132.9000000,17634
SPBEX.AAPL,D,20210412,000000,133.0000000,133.0000000,130.6400000,131.3200000,8921472
SPBEX.AAPL,D,20210413,000000,131.3300000,134.6500000,130.4300000,134.4800000,1848479
SPBEX.AAPL,D,20210414,000000,134.4400000,135.2100000,131.0000000,132.1500000,1901204
SPBEX.AAPL,D,20210415,000000,132.1500000,134.9900000,132.1100000,134.2800000,10562299
SPBEX.AAPL,D,20210416,000000,134.2600000,134.9400000,133.0300000,134.0400000,11193660
SPBEX.AAPL,D,20210417,000000,134.0400000,134.2600000,134.0100000,134.1100000,7724
SPBEX.AAPL,D,20210419,000000,125.9100000,135.4700000,123.2200000,134.7600000,16785922
SPBEX.AAPL,D,20210420,000000,134.7900000,135.9800000,131.8200000,132.6100000,18277295
SPBEX.AAPL,D,20210421,000000,132.6100000,133.7400000,131.3100000,133.2800000,14775260
SPBEX.AAPL,D,20210422,000000,133.2500000,134.1500000,131.4200000,131.9800000,16592409
SPBEX.AAPL,D,20210423,000000,131.9500000,135.1200000,131.7000000,134.2000000,17147828
SPBEX.AAPL,D,20210424,000000,134.2100000,134.3200000,134.1500000,134.2600000,12499
SPBEX.AAPL,D,20210426,000000,134.6400000,135.0600000,133.3000000,134.7300000,15492188
SPBEX.AAPL,D,20210427,000000,134.7400000,135.7500000,134.1100000,134.4600000,14463097
SPBEX.AAPL,D,20210428,000000,134.4700000,139.5000000,133.0900000,137.8700000,23990437
SPBEX.AAPL,D,20210429,000000,137.8400000,138.2700000,132.4500000,133.1000000,28745897
SPBEX.AAPL,D,20210430,000000,133.1000000,133.6300000,131.0700000,131.5000000,24450913
SPBEX.AAPL,D,20210501,000000,131.5400000,131.5700000,131.4500000,131.5000000,6854
SPBEX.AAPL,D,20210503,000000,131.5000000,134.0600000,131.2200000,132.4000000,15964815
SPBEX.AAPL,D,20210504,000000,132.4200000,132.8000000,126.7000000,127.7400000,30628020
SPBEX.AAPL,D,20210505,000000,127.7400000,130.4400000,127.6100000,127.9700000,17509237
SPBEX.AAPL,D,20210506,000000,127.9700000,129.7700000,127.1300000,129.6900000,17745359
SPBEX.AAPL,D,20210507,000000,129.6600000,131.9900000,129.4000000,130.2700000,17207669
SPBEX.AAPL,D,20210508,000000,130.3300000,130.4000000,130.2000000,130.2700000,11652
SPBEX.AAPL,D,20210510,000000,131.4000000,131.8500000,126.3400000,126.4900000,19707222
SPBEX.AAPL,D,20210511,000000,126.4900000,126.9000000,122.7800000,125.6500000,24019693
SPBEX.AAPL,D,20210512,000000,125.6900000,126.0700000,122.2600000,122.4000000,14316638
SPBEX.AAPL,D,20210513,000000,122.4000000,126.1400000,121.7300000,124.8000000,14469728
SPBEX.AAPL,D,20210514,000000,124.8000000,127.8800000,124.7200000,127.5500000,20522482
SPBEX.AAPL,D,20210515,000000,127.5500000,127.6500000,127.5100000,127.6200000,21368
SPBEX.AAPL,D,20210517,000000,127.7000000,127.9800000,125.1700000,126.2100000,15984041
SPBEX.AAPL,D,20210518,000000,126.2000000,127.5000000,124.5600000,124.6600000,14549127
SPBEX.AAPL,D,20210519,000000,124.6600000,125.4000000,122.8500000,124.6400000,21963093
SPBEX.AAPL,D,20210520,000000,124.6300000,127.7200000,123.8000000,127.4200000,16916271
SPBEX.AAPL,D,20210521,000000,127.3900000,128.2400000,125.2200000,125.3600000,18075252
SPBEX.AAPL,D,20210522,000000,125.3600000,125.4200000,125.3500000,125.3800000,5201
SPBEX.AAPL,D,20210524,000000,125.9900000,127.9400000,124.5100000,127.0700000,16106331
SPBEX.AAPL,D,20210525,000000,127.0900000,128.4000000,126.3200000,126.9600000,13367370
SPBEX.AAPL,D,20210526,000000,126.9200000,127.4700000,126.4300000,126.8100000,12597352
SPBEX.AAPL,D,20210527,000000,126.8100000,127.9400000,125.2800000,125.8300000,33104870
SPBEX.AAPL,D,20210528,000000,125.8200000,126.3000000,124.5300000,124.6000000,18318942
SPBEX.AAPL,D,20210529,000000,124.5900000,124.7000000,124.5700000,124.7000000,10567
SPBEX.AAPL,D,20210601,000000,124.6700000,125.9000000,123.9400000,124.2000000,13561394
SPBEX.AAPL,D,20210602,000000,124.2000000,125.2400000,124.0000000,124.9800000,12999435
SPBEX.AAPL,D,20210603,000000,124.9600000,125.3500000,123.1300000,123.4800000,15532907
SPBEX.AAPL,D,20210604,000000,123.4800000,126.1600000,123.3300000,125.9800000,17574414
SPBEX.AAPL,D,20210605,000000,125.9800000,126.0000000,125.8900000,125.9400000,18831
SPBEX.AAPL,D,20210607,000000,125.9800000,126.4600000,124.6700000,126.0000000,16733810
SPBEX.AAPL,D,20210608,000000,126.0100000,128.4600000,125.6500000,126.6600000,16963726
SPBEX.AAPL,D,20210609,000000,126.6800000,127.7400000,126.3000000,126.9700000,15547707
SPBEX.AAPL,D,20210610,000000,126.9700000,128.1700000,125.9500000,126.2400000,435307
SPBEX.AAPL,D,20210611,000000,126.2400000,127.5200000,126.0500000,127.2300000,13136535
SPBEX.AAPL,D,20210612,000000,127.2300000,127.2800000,127.2000000,127.2100000,6025
SPBEX.AAPL,D,20210614,000000,127.3000000,130.4900000,126.8900000,130.3700000,27896041
SPBEX.AAPL,D,20210615,000000,130.3900000,130.9300000,129.3900000,129.7600000,15248248
SPBEX.AAPL,D,20210616,000000,129.7800000,130.8900000,128.4700000,129.8200000,21702863
SPBEX.AAPL,D,20210617,000000,129.7900000,132.5500000,128.8000000,131.8900000,25049739
SPBEX.AAPL,D,20210618,000000,131.8900000,132.0000000,130.2000000,130.2500000,41447101
SPBEX.AAPL,D,20210619,000000,130.2000000,130.2600000,130.1500000,130.2400000,5356
SPBEX.AAPL,D,20210621,000000,130.3200000,132.4000000,129.2200000,132.2500000,21891567
SPBEX.AAPL,D,20210622,000000,132.2700000,134.0900000,131.3200000,133.9800000,19115723
SPBEX.AAPL,D,20210623,000000,133.9800000,134.5200000,133.2300000,133.6300000,11877161
SPBEX.AAPL,D,20210624,000000,133.6300000,134.7000000,132.8800000,133.3800000,16662025
SPBEX.AAPL,D,20210625,000000,133.3800000,134.0400000,132.6800000,133.0500000,25156298
SPBEX.AAPL,D,20210626,000000,133.0400000,133.1200000,132.9900000,133.0700000,14088
SPBEX.AAPL,D,20210628,000000,132.7000000,135.2400000,132.0800000,134.6100000,16511873
SPBEX.AAPL,D,20210629,000000,134.6500000,136.4900000,134.0500000,136.4000000,12765663
SPBEX.AAPL,D,20210630,000000,136.4100000,137.4000000,135.5500000,136.9500000,16770991
SPBEX.AAPL,D,20210701,000000,136.9500000,137.5000000,135.7700000,137.2700000,11544531
SPBEX.AAPL,D,20210702,000000,137.2800000,140.0000000,136.4300000,139.8300000,18536749
SPBEX.AAPL,D,20210703,000000,139.8300000,139.9600000,139.8000000,139.8900000,15672
SPBEX.AAPL,D,20210706,000000,139.2000000,143.1400000,138.6300000,141.9700000,21076459
SPBEX.AAPL,D,20210707,000000,141.9700000,144.8900000,141.4000000,144.7200000,20439544
SPBEX.AAPL,D,20210708,000000,144.7100000,144.7200000,136.6900000,143.2500000,21791112
SPBEX.AAPL,D,20210709,000000,143.2900000,145.6400000,142.6100000,144.9900000,19958992
SPBEX.AAPL,D,20210710,000000,145.0100000,145.1500000,144.9600000,145.1200000,81426
SPBEX.AAPL,D,20210712,000000,144.5900000,146.3200000,143.6500000,144.5600000,16104188
SPBEX.AAPL,D,20210713,000000,144.5300000,147.4600000,143.3900000,145.6000000,17612015
SPBEX.AAPL,D,20210714,000000,145.6000000,149.5700000,144.8500000,149.2900000,22868603
SPBEX.AAPL,D,20210715,000000,149.3000000,150.0000000,147.0900000,148.2900000,18672254
SPBEX.AAPL,D,20210716,000000,148.2700000,149.7600000,145.8800000,146.1500000,18144940
SPBEX.AAPL,D,20210717,000000,146.1600000,146.2000000,146.0000000,146.0100000,14310
SPBEX.AAPL,D,20210719,000000,146.0100000,146.7500000,141.6800000,143.1200000,24877947
SPBEX.AAPL,D,20210720,000000,143.1100000,147.0900000,142.5200000,146.1300000,22938600
SPBEX.AAPL,D,20210721,000000,146.1300000,147.0000000,144.6400000,145.3900000,14747740
SPBEX.AAPL,D,20210722,000000,145.3600000,148.1900000,145.2700000,147.0900000,12749886
SPBEX.AAPL,D,20210723,000000,147.1000000,148.7200000,146.9200000,148.3000000,13222296
SPBEX.AAPL,D,20210724,000000,148.3100000,148.3100000,148.1200000,148.1900000,14468
SPBEX.AAPL,D,20210726,000000,148.2000000,149.8300000,147.4600000,149.2100000,17158478
SPBEX.AAPL,D,20210727,000000,149.2400000,149.5000000,145.1000000,145.4800000,21685350
SPBEX.AAPL,D,20210728,000000,145.4800000,146.9500000,142.5000000,145.1800000,15286175
SPBEX.AAPL,D,20210729,000000,145.2000000,146.6900000,144.3000000,144.8200000,12327745
SPBEX.AAPL,D,20210730,000000,144.8200000,146.3300000,143.8000000,145.8700000,16921378
SPBEX.AAPL,D,20210731,000000,145.9000000,145.9200000,145.8000000,145.8400000,4080
SPBEX.AAPL,D,20210802,000000,145.9900000,147.5000000,145.2500000,145.3500000,11952067
SPBEX.AAPL,D,20210803,000000,145.3200000,148.0400000,145.1800000,147.3800000,13086332
SPBEX.AAPL,D,20210804,000000,147.3600000,147.7800000,146.2800000,146.8400000,12588826
SPBEX.AAPL,D,20210805,000000,146.8500000,147.8400000,146.0000000,146.9600000,10348995
SPBEX.AAPL,D,20210806,000000,146.9600000,147.5000000,145.6300000,146.0100000,12964538
SPBEX.AAPL,D,20210807,000000,146.0000000,146.0100000,145.9100000,145.9400000,12174
SPBEX.AAPL,D,20210809,000000,146.0000000,146.8000000,144.3000000,146.0400000,10395842
SPBEX.AAPL,D,20210810,000000,146.0500000,147.7100000,145.3000000,145.5800000,16781467
SPBEX.AAPL,D,20210811,000000,145.5800000,146.7100000,145.0000000,145.7300000,10220771
SPBEX.AAPL,D,20210812,000000,145.7200000,149.0500000,145.4100000,148.9900000,16515475
SPBEX.AAPL,D,20210813,000000,148.9900000,149.4400000,148.2700000,148.9800000,11158890
SPBEX.AAPL,D,20210814,000000,148.9900000,149.0000000,148.8200000,148.9100000,4265
SPBEX.AAPL,D,20210816,000000,148.8000000,151.5900000,146.4700000,151.4200000,20230710
SPBEX.AAPL,D,20210817,000000,151.4100000,151.5500000,150.2000000,150.6600000,40858
